397,522,770,866,1001,1119
397,522,770,867,1003,1120
397,522,771,868,1004,1121
397,521,771,869,1005,1122
397,521,772,870,1006,1123
397,521,772,871,1007,1125
397,520,772,872,1009,1126
396,520,773,873,1010,1127
396,519,773,874,1012,1128
396,519,774,875,1013,1129
395,518,774,876,1014,1130
395,517,774,878,1016,1132
394,516,775,879,1017,1133
394,516,775,880,1019,1134
393,515,776,881,1021,1135
393,514,776,883,1022,1137
392,513,776,884,1024,1138
391,512,777,885,1025,1139
391,511,777,887,1027,1141
390,510,777,888,1029,1142
389,509,777,889,1031,1144
388,507,778,891,1032,1145
387,506,778,892,1034,1147
386,505,778,894,1036,1148
385,504,778,895,1038,1150
384,502,779,896,1039,1151
383,501,779,898,1041,1153
381,499,779,899,1043,1154
381,498,779,901,1045,1156
379,496,779,902,1047,1157
378,495,779,904,1049,1159
377,493,780,905,1050,1160
375,492,780,907,1052,1162
374,490,780,908,1054,1164
373,488,780,909,1056,1165
371,487,780,911,1058,1167
370,485,780,912,1060,1168
368,483,780,914,1062,1170
367,481,780,915,1064,1172
365,480,780,917,1065,1173
363,478,780,918,1067,1175
362,476,780,920,1069,1177
360,474,780,921,1071,1178
358,472,780,922,1073,1180
356,470,780,924,1075,1182
354,468,780,925,1077,1184
353,466,780,927,1079,1185
351,464,780,928,1080,1187
349,462,780,930,1082,1189
347,460,780,931,1084,1191
345,458,780,932,1086,1193
343,456,780,934,1088,1194
341,454,780,935,1090,1196
339,452,779,936,1092,1198
337,449,779,938,1094,1200
334,447,779,939,1095,1202
332,445,779,940,1097,1203
330,443,779,942,1099,1205
328,441,779,943,1101,1207
328,441,779,943,1101,1207
326,438,778,944,1103,1209
323,436,778,946,1105,1211
321,434,778,947,1106,1213
319,432,778,948,1108,1215
316,429,778,949,1110,1216
314,427,777,951,1103,1218
311,425,777,952,1114,1220
309,423,777,953,1115,1222
307,420,777,954,1117,1224
304,418,776,955,1119,1226
302,416,776,957,1121,1228
299,413,776,958,1123,1230
296,411,776,959,1124,1232
294,409,775,960,1126,1234
291,406,775,961,1128,1236
289,404,775,962,1130,1238
286,402,774,963,1131,1240
283,399,774,964,1133,1242
281,397,774,965,1135,1244
278,395,774,967,1137,1246
275,392,773,968,1139,1248
272,390,773,969,1140,1251
270,387,773,970,1142,1253
267,385,772,971,1144,1255
264,383,772,972,1146,1257
321,440,832,1033,1207,1319
318,438,831,1034,1209,1321
315,436,831,1035,1211,1324
312,433,831,1036,1213,1326
309,431,831,1037,1215,1328
306,429,830,1037,1216,1331
303,426,830,1038,1218,1333
300,424,830,1039,1220,1335
297,421,829,1040,1222,1338
294,420,829,1041,1223,1340
291,417,829,1042,1225,1342
288,414,829,1043,1227,1345
285,412,828,1044,1229,1347
282,410,828,1045,1230,1350
278,407,828,1046,1232,1352
275,405,827,1046,1234,1355
272,403,827,1047,1236,1358
269,401,827,1048,1238,1360
265,398,827,1049,1239,1363
262,396,826,1050,1241,1366
261,394,826,1050,1243,1368
260,392,826,1051,1245,1371
259,389,826,1052,1246,1374
258,387,825,1053,1248,1377
257,385,825,1054,1250,1378
256,383,825,1054,1252,1379
255,381,825,1055,1253,1379
253,378,825,1056,1255,1380
252,376,824,1057,1257,1381
251,374,824,1057,1259,1381
250,372,824,1058,1260,1382
249,370,824,1059,1262,1383
248,368,824,1060,1264,1383
247,366,824,1060,1266,1384
246,364,823,1061,1267,1385
245,362,823,1062,1269,1386
245,360,823,1062,1271,1386
244,358,823,1063,1273,1387
243,356,823,1064,1274,1388
242,354,823,1064,1276,1388
241,352,823,1065,1278,1389
240,350,823,1066,1280,1390
240,348,823,1066,1281,1391
238,347,822,1067,1283,1391
237,345,822,1068,1285,1392
237,343,822,1068,1286,1393
236,341,822,1069,1288,1394
235,340,822,1070,1290,1394
234,338,822,1070,1291,1395
233,336,822,1071,1293,1396
233,335,822,1071,1294,1397
232,333,822,1072,1296,1397
231,332,822,1073,1298,1398
231,330,822,1073,1299,1399
230,329,822,1074,1301,1400
229,327,823,1074,1302,1400
229,326,823,1075,1304,1401
228,325,823,1076,1305,1402
227,323,823,1076,1307,1403
227,322,823,1077,1308,1403
226,321,823,1077,1309,1404
226,320,823,1078,1311,1405
225,319,823,1078,1312,1406
225,318,823,1079,1313,1406
224,317,823,1079,1315,1407
224,316,824,1080,1316,1408
224,315,824,1080,1317,1408
223,314,824,1081,1318,1409
223,313,824,1081,1319,1409
223,312,824,1082,1321,1410
223,312,824,1082,1322,1411
222,311,825,1083,1323,1411
222,310,825,1083,1324,1412
222,310,825,1084,1324,1412
222,309,825,1084,1325,1413
222,309,825,1084,1326,1413
222,308,826,1085,1327,1414
221,308,826,1085,1328,1414
221,308,826,1085,1328,1415
221,308,826,1086,1329,1415
221,367,826,1086,1330,1416
222,307,827,1086,1330,1416
222,307,827,1087,1331,1416
222,307,827,1087,1331,1417
222,307,827,1087,1331,1417
222,308,827,1087,1332,1417
222,308,828,1088,1332,1417
222,308,828,1088,1332,1418
223,308,828,1088,1332,1418
223,308,828,1088,1333,1418
223,309,829,1089,1333,1418
223,309,829,1089,1333,1418
224,310,829,1089,1333,1418
224,310,829,1089,1333,1419
225,311,829,1089,1333,1419
225,311,829,1089,1332,1419
225,312,830,1089,1332,1419
226,312,830,1089,1332,1419
226,313,830,1089,1331,1418
227,314,830,1089,1331,1418
227,315,831,1089,1331,1418
228,316,831,1089,1330,1418
228,317,831,1089,1329,1418
229,318,831,1089,1329,1418
229,319,831,1089,1328,1417
230,320,831,1089,1327,1417
231,321,831,1089,1327,1417
231,322,832,1088,1326,1416
232,323,832,1088,1325,1416
232,324,832,1088,1324,1416
233,325,832,1088,1323,1415
234,327,832,1087,1322,1415
234,328,832,1087,1321,1414
235,329,832,1087,1320,1414
236,331,832,1087,1319,1413
236,332,832,1086,1317,1413
237,333,832,1086,1316,1412
238,335,832,1085,1315,1412
239,336,832,1085,1313,1411
240,338,832,1084,1312,1410
240,339,833,1084,1311,1410
241,341,833,1083,1309,1409
241,342,833,1083,1308,1408
242,344,833,1082,1306,1408
243,345,833,1082,1305,1407
244,347,832,1081,1303,1406
244,348,832,1080,1301,1405
245,350,832,1080,1300,1404
246,351,832,1079,1298,1404
246,353,832,1078,1296,1403
247,355,832,1078,1294,1402
248,356,832,1077,1293,1401
248,358,832,1076,1291,1400
249,360,832,1075,1289,1399
250,361,832,1074,1287,1398
251,363,832,1073,1285,1397
251,364,832,1072,1283,1396
252,366,831,1072,1281,1395
253,368,831,1071,1279,1394
253,369,831,1070,1277,1393
254,371,831,1069,1275,1392
254,373,831,1068,1273,1391
255,374,831,1067,1271,1390
256,376,830,1066,1269,1389
256,378,830,1064,1267,1388
257,379,830,1063,1265,1387
258,381,830,1062,1263,1386
258,383,829,1061,1260,1385
259,385,829,1060,1258,1384
259,386,829,1059,1256,1383
260,388,829,1057,1254,1382
260,390,828,1056,1252,1381
261,391,828,1055,1249,1377
262,393,828,1054,1247,1374
262,395,828,1052,1245,1371
263,396,827,1051,1243,1368
265,398,827,1050,1240,1364
267,400,827,1048,1238,1361
270,401,826,1047,1236,1358
273,403,826,1046,1233,1355
275,405,826,1044,1231,1352
278,406,826,1043,1229,1349
281,408,825,1041,1226,1345
283,410,825,1040,1224,1342
286,412,825,1038,1222,1339
288,413,824,1037,1219,1336
290,415,824,1035,1217,1333
293,417,823,1034,1215,1330
295,418,823,1032,1212,1327
297,420,823,1031,1210,1324
300,422,822,1029,1208,1321
302,423,822,1027,1205,1319
304,425,822,1026,1203,1316
307,427,821,1024,1200,1313
309,428,821,1023,1198,1310
311,430,821,1021,1196,1307
313,432,820,1019,1193,1304
315,433,820,1018,1191,1302
317,435,820,1016,1188,1299
319,437,819,1014,1186,1296
381,438,819,1013,1184,1293
324,440,819,1011,1181,1291
326,442,819,1009,1179,1288
328,444,818,1008,1176,1285
330,445,817,1006,1174,1283
332,447,817,1004,1172,1280
334,449,817,1003,1169,1277
335,450,816,1001,1167,1275
337,452,816,999,1165,1272
339,454,816,997,1162,1270
341,455,815,996,1160,1267
343,457,815,994,1158,1265
345,459,815,992,1155,1262
347,461,815,990,1153,1260
349,462,814,989,1151,1257
351,464,814,987,1148,1255
352,466,814,985,1146,1252
354,467,813,984,1144,1250
356,469,813,982,1141,1248
358,471,813,980,1139,1245
360,473,813,978,1137,1243
361,474,812,977,1135,1241
363,476,812,975,1132,1239
365,478,812,973,1130,1236
367,480,812,972,1128,1234
369,481,811,970,1126,1232
370,483,811,968,1124,1230
372,485,811,967,1121,1228
374,487,811,965,1119,1226
375,489,811,963,1117,1224
377,490,810,962,1115,1222
379,492,810,960,1113,1220
381,494,810,959,1111,1218
382,496,810,957,1109,1216
384,498,810,955,1107,1214
386,499,810,954,1105,1212
387,501,810,952,1103,1210
329,443,750,891,1041,1148
331,445,750,889,1039,1147
332,447,750,888,1037,1145
334,448,750,886,1035,1143
336,450,749,885,1033,1142
337,452,749,884,1031,1140
339,454,749,882,1030,1138
340,456,750,881,1028,1137
342,458,750,879,1026,1135
343,458,750,878,1024,1134
345,461,750,877,1023,1132
346,463,750,876,1021,1131
348,465,750,874,1020,1130
350,467,750,873,1018,1128
351,468,750,872,1016,1127
353,470,750,871,1015,1126
354,472,750,870,1013,1125
356,474,751,869,1012,1124
357,475,751,868,1011,1122
358,477,751,867,1009,1121
360,479,751,866,1008,1120
361,481,751,865,1007,1119
363,482,752,864,1005,1118
364,484,752,863,1004,1118
365,486,752,863,1003,1117
367,487,752,862,1002,1116
368,489,753,861,1001,1115
369,490,753,860,1000,1114
371,492,753,860,999,1114
372,494,754,859,998,1113
373,495,754,859,997,1112
375,497,754,858,996,1112
376,498,755,858,996,1111
377,500,755,857,995,1111
378,501,756,857,994,1111
379,502,756,856,994,1110
380,504,756,856,993,1110
381,505,757,856,993,1110
382,506,757,856,992,1109
384,508,758,855,992,1109
385,509,758,855,992,1109
385,510,759,855,991,1109
386,511,759,855,991,1109
387,512,759,855,991,1109
388,513,760,855,991,1109
389,514,760,855,991,1109
390,515,761,855,991,1109
391,516,761,856,991,1109
391,517,762,856,991,1110
392,518,762,856,991,1110
393,518,763,856,991,1110
393,519,763,857,992,1111
394,520,764,857,992,1111
395,520,764,858,992,1111
395,521,765,858,993,1112
395,521,765,859,994,1112
396,521,766,859,994,1113
396,522,766,860,995,1114
397,522,767,861,996,1114
397,522,767,861,996,1115
397,522,768,862,997,1116
397,522,768,863,998,1117
397,522,769,864,999,1117
397,522,769,865,1000,1118