2023
403,525,768,862,1001,1116
403,525,768,863,1002,1117
403,524,769,864,1003,1117
403,524,769,865,1004,1118
403,524,770,866,1005,1119
403,524,770,867,1007,1120
403,523,771,868,1008,1122
403,523,771,869,1009,1123
402,522,771,870,1011,1124
402,522,772,871,1012,1125
402,521,772,873,1013,1126
401,520,773,874,1015,1127
401,520,773,875,1016,1129
400,519,773,876,1018,1130
400,518,774,878,1020,1131
399,517,774,879,1021,1132
399,516,774,880,1023,1134
398,515,775,882,1024,1135
397,514,775,883,1026,1136
396,513,775,884,1028,1138
396,512,776,886,1029,1139
395,511,776,887,1031,1141
394,510,776,889,1033,1142
393,508,777,890,1035,1144
392,507,777,891,1036,1145
391,506,777,893,1038,1147
390,504,777,894,1040,1148
389,503,777,896,1042,1150
388,501,778,897,1044,1151
386,500,778,899,1046,1153
385,498,778,900,1047,1154
384,497,778,902,1049,1156
383,495,778,903,1051,1157
381,494,778,905,1053,1159
380,492,778,906,1055,1161
378,490,779,908,1057,1162
377,489,779,909,1059,1164
375,487,779,911,1061,1165
374,485,779,912,1063,1167
372,483,779,914,1064,1169
371,481,779,915,1066,1170
369,480,779,917,1068,1172
367,478,779,918,1070,1174
366,476,779,920,1072,1175
364,474,779,921,1074,1177
362,472,779,923,1076,1179
360,470,779,924,1078,1181
359,468,779,925,1080,1182
357,466,779,927,1081,1184
355,464,779,928,1083,1186
353,462,778,930,1085,1187
351,460,778,931,1087,1189
349,458,778,933,1089,1191
347,455,778,934,1091,1193
345,453,778,935,1093,1194
343,451,778,937,1094,1196
341,449,778,938,1096,1198
339,447,777,939,1098,1200
336,445,777,941,1100,1202
334,442,777,942,1102,1203
332,440,777,943,1104,1205
330,438,777,945,1105,1207
327,436,777,946,1107,1209
325,433,776,947,1109,1211
323,431,776,948,1111,1213
320,429,776,950,1113,1214
318,427,776,951,1115,1216
316,424,775,952,1116,1218
313,422,775,953,1118,1220
311,420,775,955,1120,1222
308,417,775,956,1122,1224
306,415,774,957,1124,1226
303,413,774,958,1125,1228
301,410,774,959,1127,1230
298,408,773,960,1129,1232
296,406,773,961,1131,1234
293,403,773,963,1132,1236
291,401,773,964,1134,1238
288,399,772,965,1136,1240
285,396,772,966,1138,1242
283,394,772,967,1139,1244
280,392,771,968,1141,1246
277,389,771,969,1143,1248
274,387,771,970,1145,1250
332,445,831,1031,1206,1312
329,442,830,1032,1208,1314
326,440,830,1033,1210,1316
323,438,830,1034,1212,1319
320,435,829,1035,1213,1321
317,433,829,1036,1215,1323
315,431,829,1097,1217,1325
312,428,828,1098,1219,1327
309,426,828,1099,1220,1330
306,424,828,1100,1222,1332
303,421,828,1101,1224,1334
300,419,827,1102,1226,1337
297,417,827,1103,1227,1339
294,414,827,1103,1229,1341
291,412,826,1104,1231,1344
287,410,826,1105,1232,1346
284,408,826,1106,1234,1349
281,405,826,1107,1236,1351
278,403,825,1108,1238,1354
275,401,825,1109,1239,1356
272,399,825,1109,1241,1359
268,396,825,1110,1243,1362
265,394,824,1111,1245,1364
262,392,824,1112,1246,1365
261,390,824,1113,1248,1365
261,388,824,1113,1250,1366
260,385,824,1114,1252,1366
260,383,823,1115,1253,1367
259,381,823,1116,1255,1367
259,379,823,1117,1257,1368
258,377,823,1117,1258,1368
258,375,823,1118,1260,1369
257,373,822,1119,1262,1369
257,371,822,1119,1264,1370
256,369,822,1120,1265,1370
256,367,822,1121,1267,1371
246,361,824,1063,1271,1387
245,360,824,1063,1273,1387
244,357,823,1064,1275,1388
243,355,823,1065,1276,1389
242,353,823,1065,1278,1389
241,352,823,1066,1280,1390
240,350,823,1067,1281,1391
240,348,823,1067,1283,1392
238,346,823,1068,1285,1392
238,344,823,1069,1286,1393
237,343,823,1069,1288,1394
236,341,823,1070,1290,1395
235,339,823,1070,1291,1395
235,338,823,1071,1293,1396
234,336,823,1072,1294,1397
233,335,823,1072,1296,1398
232,333,823,1073,1298,1398
232,332,823,1073,1299,1399
231,330,823,1074,1301,1400
231,329,823,1075,1302,1401
230,328,823,1075,1304,1401
229,326,823,1076,1305,1402
229,325,823,1076,1306,1403
228,324,823,1077,1308,1403
228,323,824,1077,1309,1404
227,322,824,1078,1311,1405
227,321,824,1078,1312,1406
226,320,824,1079,1313,1406
226,319,824,1079,1314,1407
226,318,824,1080,1316,1408
225,317,824,1080,1317,1408
225,316,824,1081,1318,1409
225,315,825,1081,1319,1410
224,314,825,1082,1320,1410
224,314,825,1082,1321,1411
224,313,825,1083,1322,1411
224,312,825,1083,1323,1412
223,312,826,1084,1324,1412
223,311,826,1084,1325,1413
223,311,826,1084,1326,1413
223,311,826,1085,1326,1414
223,310,826,1085,1327,1414
223,310,827,1085,1328,1415
223,310,827,1086,1328,1415
223,310,827,1086,1329,1416
223,310,827,1086,1329,1416
223,310,827,1087,1330,1416
223,310,828,1087,1330,1417
224,310,828,1087,1331,1417
224,310,828,1087,1331,1417
224,310,828,1088,1331,1417
224,310,828,1088,1332,1418
224,310,829,1088,1332,1418
225,311,829,1088,1332,1418
225,311,829,1088,1332,1418
225,311,829,1089,1332,1418
226,312,830,1089,1332,1418
226,312,830,1089,1332,1418
226,313,830,1089,1332,1418
227,314,830,1089,1332,1418
227,314,830,1089,1331,1418
228,315,831,1089,1331,1418
228,316,831,1089,1331,1418
228,316,831,1089,1330,1418
229,317,831,1089,1330,1418
229,318,831,1089,1329,1418
230,319,831,1089,1329,1418
231,320,832,1089,1328,1417
231,321,832,1089,1327,1417
232,322,832,1089,1327,1417
232,323,832,1089,1326,1417
233,324,832,1088,1325,1416
234,325,832,1088,1324,1416
234,327,832,1088,1323,1415
235,328,832,1088,1322,1415
235,329,833,1087,1321,1415
236,330,833,1087,1320,1414
237,332,833,1087,1319,1414
237,333,833,1086,1318,1413
238,334,833,1086,1316,1413
239,336,833,1086,1315,1412
240,337,833,1085,1314,1411
240,338,833,1085,1313,1411
241,340,833,1084,1311,1410
242,341,833,1084,1310,1409
242,343,833,1083,1308,1409
243,344,833,1083,1307,1408
244,346,833,1082,1305,1407
244,347,833,1081,1304,1407
245,349,833,1081,1302,1406
246,350,833,1080,1300,1405
247,352,833,1079,1299,1404
247,354,833,1079,1297,1403
248,355,833,1078,1295,1403
249,357,833,1077,1294,1402
249,358,833,1077,1292,1401
250,360,833,1076,1290,1400
251,362,832,1075,1288,1399
251,363,832,1074,1286,1398
252,365,832,1073,1284,1397
253,366,832,1072,1283,1396
253,368,832,1071,1281,1395
254,370,832,1070,1279,1394
255,371,832,1069,1277,1393
255,373,831,1068,1275,1392
256,375,831,1067,1273,1391
256,376,831,1066,1271,1390
257,378,831,1065,1268,1389
258,380,831,1064,1266,1388
258,381,830,1063,1264,1387
259,383,830,1062,1262,1386
259,385,830,1061,1260,1385
260,386,830,1060,1258,1384
261,388,829,1058,1256,1383
261,390,829,1057,1253,1382
262,391,829,1056,1251,1379
262,393,829,1055,1249,1376
263,395,828,1053,1247,1372
263,396,828,1052,1245,1369
265,398,828,1051,1242,1366
268,400,828,1049,1240,1363
270,401,827,1048,1238,1360
273,403,827,1047,1235,1356
276,405,827,1045,1233,1353
278,406,826,1044,1231,1350
281,408,826,1042,1229,1347
283,410,826,1041,1226,1344
286,411,825,1039,1224,1341
288,413,825,1038,1222,1338
291,415,825,1036,1219,1335
293,416,824,1035,1217,1332
295,418,824,1033,1214,1329
298,420,824,1032,1212,1326
300,421,823,1030,1210,1323
302,423,823,1029,1207,1320
304,425,823,1027,1205,1318
307,426,822,1026,1203,1315
309,428,822,1024,1200,1312
311,430,821,1022,1198,1309
313,431,821,1021,1196,1306
315,433,821,1019,1193,1303
317,435,820,1017,1191,1301
319,436,820,1016,1188,1298
321,438,820,1014,1186,1295
324,440,819,1012,1184,1293
326,441,819,1011,1181,1290
328,443,819,1009,1179,1287
330,445,818,1007,1176,1285
332,446,818,1006,1174,1282
333,448,818,1004,1172,1279
335,450,817,1002,1169,1277
337,451,817,1000,1167,1274
339,453,817,999,1165,1272
341,455,816,997,1162,1269
343,457,816,995,1160,1267
345,458,816,994,1158,1264
347,460,815,992,1155,1262
349,462,815,990,1153,1259
350,463,815,988,1151,1257
352,465,814,987,1148,1254
354,467,814,985,1146,1252
356,468,814,983,1144,1250
358,470,814,981,1142,1247
360,472,813,980,1139,1245
361,474,813,978,1137,1243
363,475,813,976,1135,1241
365,477,813,975,1133,1238
366,479,812,973,1130,1236
368,481,812,971,1128,1234
370,482,812,969,1126,1232
372,484,812,968,1124,1230
373,486,812,966,1122,1228
375,488,811,964,1120,1226
377,490,811,963,1118,1224
379,491,811,961,1115,1222
380,493,811,960,1113,1220
382,495,811,958,1111,1218
384,497,811,956,1109,1216
385,499,810,955,1107,1214
387,500,810,953,1105,1212
389,502,810,952,1103,1210
330,444,750,890,1041,1149
332,446,750,889,1039,1147
333,448,750,887,1038,1145
335,449,750,886,1036,1143
337,451,750,884,1034,1142
338,453,750,883,1032,1140
340,455,750,882,1030,1139
341,457,750,880,1028,1137
343,458,750,879,1027,1136
344,460,750,878,1025,1134
346,462,750,876,1023,1133
348,464,750,875,1022,1131
349,466,750,874,1020,1130
351,467,751,873,1019,1129
352,469,751,871,1017,1128
354,471,751,870,1016,1126
355,473,751,869,1014,1125
357,474,751,868,1013,1124
358,476,751,867,1011,1123
360,478,752,866,1010,1122
361,480,752,865,1009,1121
362,481,752,864,1007,1120
364,483,752,863,1006,1119
365,485,753,863,1005,1118
366,486,753,862,1004,1117
368,488,753,861,1003,1117
369,490,753,860,1002,1116
370,491,754,860,1001,1115
372,493,754,859,1000,1114
373,494,754,858,999,1114
374,496,755,858,998,1113
375,497,755,857,997,1113
377,499,755,857,997,1112
378,500,756,856,996,1112
379,502,756,856,995,1111
380,503,757,855,995,1111
381,504,757,855,994,1111
382,506,757,855,994,1110
383,507,758,855,993,1110
384,508,758,855,993,1110
385,509,759,854,993,1110
386,511,759,854,992,1110
387,512,760,854,992,1110
388,513,760,854,992,1110
389,514,761,854,992,1110
390,515,761,854,992,1110
391,516,762,855,992,1110
391,516,762,855,992,1110
392,517,762,855,992,1111
393,518,763,855,992,1111
394,519,763,856,993,1111
394,519,764,856,993,1112
395,520,764,856,993,1112
395,521,765,857,994,1112
396,521,765,857,994,1113
396,521,766,858,995,1113
397,522,766,858,996,1114
397,522,767,859,996,1115
397,522,767,860,997,1115
397,522,768,861,998,1116
398,523,768,861,999,1117
398,523,769,862,1000,1118
398,523,769,863,1001,1119
398,523,770,864,1002,1120
